3242560325
3740501903
1265212688
3807649611
4210157591
336260386
3856047165
418564461
463783698
1130390652
3963481441
1708390545
1747274258
2440720738
2087518631
896783722
3296742843
589459798
1816420026
1420789373
1803769005
3333078028
2096503788
3637519178
1848965330
3434162734
1892887272
823565523
107357095
2644500837
2143386580
3151008436
764914419
3224816119
3008960924
1020571143
722099742
255098301
2110170220
2380047065
3322792435
1006053382
634637939
2955445192
1747390807
311091372
2504998474
771130001
530890874
4095057177
